x[0,2,0] 1
x[1,1,10] 1
x[2,0,17] 1
x[3,2,10] 1
x[4,2,10] 1
x[5,1,22] 1
x[6,2,24] 1
x[7,1,20] 1
x[8,2,10] 1
x[9,0,20] 1
x[10,2,20] 1
x[11,0,31] 1
x[12,2,27] 1
x[13,2,25] 1
x[14,0,33] 1
x[15,2,35] 1
Qfst[0,0,10] 4.0
Qfst[0,0,17] 2.0
Qfst[0,0,20] 5.0
Qfst[0,0,24] 1.0
Qfst[0,0,27] 8.0
Qfst[0,0,33] 2.0
Qfst[1,6,10] 5.0
Qfst[1,6,17] 3.0
Qfst[1,6,20] 3.0
Qfst[1,6,22] 5.0
Qfst[1,6,25] 2.0
Qfst[1,6,31] 1.0
Qfst[2,1,10] 2.0
Qfst[2,1,20] 11.0
Qfst[2,1,27] 3.0
Qfst[3,3,10] 3.0
Qfst[3,3,17] 3.0
Qfst[3,3,20] 3.0
Qfst[3,3,24] 3.0
Qfst[3,3,31] 1.0
Qfst[3,3,33] 3.0
Qfst[4,4,10] 7.0
Qfst[4,4,22] 2.0
Qfst[4,4,24] 2.0
Qfst[4,4,27] 4.0
Qfst[4,4,33] 5.0
Qfst[5,2,10] 12.0
Qfst[5,2,20] 7.0
Qfst[5,2,22] 3.0
Qfst[5,2,31] 5.0
model [3, 2, 1, 3, 3, 2, 3, 2, 3, 1, 3, 1, 3, 3, 1, 3]
start [0, 10, 17, 10, 10, 22, 24, 20, 10, 20, 20, 31, 27, 25, 33, 35]
finish [0, 20, 22, 20, 17, 27, 31, 24, 16, 22, 25, 35, 32, 33, 35, 35]
活动资源0需求： [0, 3, 2, 0, 0, 0, 1, 2, 1, 3, 0, 0, 8, 0, 2, 0]
活动资源1需求： [0, 0, 3, 2, 3, 5, 0, 0, 0, 0, 3, 1, 0, 2, 0, 0]
活动资源2需求： [0, 2, 0, 0, 0, 0, 0, 5, 0, 2, 4, 0, 3, 0, 0, 0]
活动资源3需求： [0, 0, 3, 0, 0, 0, 3, 3, 3, 0, 0, 1, 0, 0, 3, 0]
活动资源4需求： [0, 0, 0, 2, 2, 2, 2, 0, 3, 0, 0, 0, 4, 0, 5, 0]
活动资源5需求： [0, 5, 0, 4, 3, 3, 0, 0, 0, 4, 3, 5, 0, 0, 0, 0]
资源0库存变化 [0, 0, 0, 0, 0, 0, 0, 0, 0, 0, 4.0, 3.53, 3.06, 2.59, 2.12, 1.65, 1.18, 2.88, 2.18, 1.48, 5.78, 3.38, 0.98, 0.48, 0.98, 0.84, 0.7, 8.56, 6.82, 5.08, 3.34, 1.6, -0.0, 2.0, 1.0, -0.0, -0.0, -0.0, -0.0, -0.0, 0, 0, 0, 0, 0, 0, 0, 0, 0, 0]
资源1库存变化 [0, 0, 0, 0, 0, 0, 0, 0, 0, 0, 5.0, 4.37, 3.74, 3.11, 2.48, 1.85, 1.22, 3.59, 2.79, 1.99, 4.19, 2.99, 6.79, 5.19, 3.59, 3.99, 2.74, 1.49, 1.24, 0.99, 0.74, 1.49, 0.99, 0.49, 0.24, -0.01, -0.01, -0.01, -0.01, -0.01, 0, 0, 0, 0, 0, 0, 0, 0, 0, 0]
资源2库存变化 [0, 0, 0, 0, 0, 0, 0, 0, 0, 0, 2.0, 1.8, 1.6, 1.4, 1.2, 1.0, 0.8, 0.6, 0.4, 0.2, 11.0, 7.95, 4.9, 2.85, 0.8, 0.0, 0.0, 3.0, 2.4, 1.8, 1.2, 0.6, 0.0, 0.0, 0.0, 0.0, 0.0, 0.0, 0.0, 0.0, 0, 0, 0, 0, 0, 0, 0, 0, 0, 0]
资源3库存变化 [0, 0, 0, 0, 0, 0, 0, 0, 0, 0, 3.0, 2.5, 2.0, 1.5, 1.0, 0.5, 0.0, 3.0, 2.4, 1.8, 4.2, 2.85, 1.5, 0.75, 3.0, 2.57, 2.14, 1.71, 1.28, 0.85, 0.42, 0.99, 0.74, 3.49, 1.74, -0.01, -0.01, -0.01, -0.01, -0.01, 0, 0, 0, 0, 0, 0, 0, 0, 0, 0]
资源4库存变化 [0, 0, 0, 0, 0, 0, 0, 0, 0, 0, 7.0, 6.01, 5.02, 4.03, 3.04, 2.05, 1.06, 0.57, 0.37, 0.17, -0.03, -0.03, 1.97, 1.57, 3.17, 2.48, 1.79, 5.1, 4.01, 2.92, 1.83, 0.74, -0.06, 4.94, 2.44, -0.06, -0.06, -0.06, -0.06, -0.06, 0, 0, 0, 0, 0, 0, 0, 0, 0, 0]
资源5库存变化 [0, 0, 0, 0, 0, 0, 0, 0, 0, 0, 12.0, 10.67, 9.34, 8.01, 6.68, 5.35, 4.02, 2.69, 1.79, 0.89, 6.99, 4.39, 4.79, 3.59, 2.39, 1.19, 0.59, -0.01, -0.01, -0.01, -0.01, 4.99, 3.74, 2.49, 1.24, -0.01, -0.01, -0.01, -0.01, -0.01, 0, 0, 0, 0, 0, 0, 0, 0, 0, 0]
